EBT: 189
Profit: 151.20000000000002
Ratio: 1.2499999999999998